$ANSIBLE_VAULT;1.2;AES256;personal
34323565663833653038396533613539643838343135323439623834643563346237386135646333
3132383764383830316431373339633531646261303737390a396233653365653837343164636364
38653531393434383635643964313031363239663033316235303634393337323637333933623839
3961366433636361320a616263653539366539626631633739656133353561346663323937396465
36303665343164646265303764343436643230666162316636613364616435623034313239393338
65616139663232303164303836306437623832613064623430646631636630386266353932616634
38306639336539626632373264363239653636633061616435313634636634303030646638383365
30303334323662346466306663646639393336393638323264336238333333363936373232386564
65663931613931346366346163313663323039363230386638373739353464653234363539613634
33373338383239613939663266616466316634396235373831303864643365626233313535643662
36363039303764393331363931343132326436376131366533336362323563653235396462653337
65323361386261393064383432643935633039343931303230303965653433383034326536383436
31316136306366303563306661653066396262386565623163356234373766393633633739386464
39626638303666343161666666613764353034303731343464343934643930613133313030336666
32373234333766393635656562663465393933613963323838643162376631366337653839373165
34666539393164333436316530346638373737653565616164666136633062376232343238393466
36646235326366363038303864323165373261666261363162393630396134656530323038626135
35313030623362643038366332656562383865353431343064353431383232643636666635623663
31343961626566373965323638613531343039376435323238376434333231656363383733663565
65623634636462616165646663326437326336663536643863373332336231363164386338376535
63346630306664386331383438656565396138616662343030363332633234663132336533336530
65306664656438316238396631623132383535383733336239373232356339663963656662633333
37633235666166646637366262633436636139613934646665323334393532643436343264636630
66333032663236313638396137376263356565313037346139356438636263393131633639666665
32386133363462353365393836386464663935326439333265316662363262333365373664626336
37613335306562323537633236323161326562333937343038386335613233316335383636333536
38663864633637356537653131636366366238613066383662376632653036636662303734383037
39393731623636663137