$ANSIBLE_VAULT;1.2;AES256;personal
36356161386138633833643261383537646665333737633632386463363564306438346538336535
6661633266356338613939633465656430633930366661650a393166326332313532303430393436
33326130333163313364316130636231333463386436333336393561383262333166376338323239
6136633330306364310a356261386565306463646635303234316165656335383237346533383162
64643063616662636663613034313439633334366231303033383233613432316139643766323139
35653839316261656361393238373131613364623339366366313734376432616233343638383363
33353735663266623664666439316563373130663433633733623637666631636438646265306235
38663532336132663630333237343466633261306531383562643531353438643464363330396437
39636431366332643632393432373339616166346435663733303731343464663432366633316261
65323236313262346361303632336438336137323431303932303337653730633531353766616561
61333030656433353839653932326661386639313435333865316265316331666563613639363966
36653732383832356131313132326663313732363735663039323362313031346331383663333130
36356132663633653138393739663961336132346531626533356166303965643263653938353439
35646533313532653962653635653566643131303162646363306164363665333062623039623539
39333065363438666134656266303933636465363734376663646336366332623365643238313038
34353866623433656431373638366535336133303466313134313932656263316162303737643964
65613162316336633136303764386236396437616135346232636531366531376164313364336638
65613135323230633030383562306336663839323861326630396261623762316630346161393363
62306538386263643233376363366661396365656635373466326164373030383735313536623566
63643763653332376665303735373833653730363563616663316636643235333239353034343365
30386163663266666463303930656333313236363664626466666166396161396332626466343564
37333637373331613833343633363032376530326463346535666336356339323838356433653662
34303036386231316532616131326132333930396464333034306266393066616364326231663964
30333065303137396236316634363366633230633137333263333539336333373738373037303064
61613639356534323935653330323235306464396533323162356161663130306235356564363863
3139646238313731666137633966363965343863353662353231
