$ANSIBLE_VAULT;1.2;AES256;personal
32396433376161383564626634316133663234643762636330313630633839393965363066306265
6138383562613630363635323032316530653738646461300a313432383331376433343562373735
30393366666562636661383032376261396466616333333362626336363136346333613132336635
6636326233386339350a373839326330653061326566643933363463326132613835303237373231
32663564626433383132333139373265666465356365343364623231643238313835636632353438
33653961376537396531666661363863656262653336613764616336613238366363623637343437
33313961323530623466663935373537616534663663313637663065333037643633373537666363
65653338653635373138356362393835353837656462313833623833393830383338623762323363
63313030633039363863653936636339616230376637666662663434633134663861363732346466
31616236636162353031393035306263653965313837383935343533326530633633343166656165
35643830373937313433653962393437626165663133313965633333346138613836366438363438
36346236313631333734333866323137623137643861363731313331623966386561343132613938
38313762366564643134323634353666653935623365666435363561356635643761653362363561
38326232306462646535663534616661353262306635316139373131313734646232363138616231
62343032393632323439653130313038653361343139333939633239626438366462383066663335
39393863626338356535653639633830356366376137383637613735633038353266653466626531
31396233333431383538343966363237303563376634336362613063313133373333663663613839
61643339326331636238663362666166313336656464663365333933316639393064346432383434
62653533323133333632653134396638653166613965386137316662653033666437343063326364
64393337666339623462366131393235623238376235643963646664663139363539316439323236
65303637373666383431303661656366336466343237346562613063643033396633356339356137
31343736383634653431316337373930613566663930366339373037656133616531653065393166
36303462336438623064656432633037333761373464333633663930646537656666326535333435
35666630313934363730393238313334323039633531306662623164313764656362373830613665
63663136663635353735346462373465633931333034653566353437353339353539326664376566
64323032643135313762396239643162333865653436386431613562653439366263356664373437
32343635363462323561386635306331643835393238383663393733626363346164613930333839
31303636316237343863353937383333666364646532363732313630343562643131313265636531
65363036353831323839666635623062613862323161653362656536613633396135663739386331
62663934386361326465316433396264396138633636303233306564333966323639653935633430
32386435636334623930363866303166306230656532316231323038636531653133626333653364
30333963336632396432623363613031346163386166376137613166636165363961663666353062
36363433373765366235353331623730353332373137383039656261316161323235376337663932
32313664386163656166616636366366353962623531363565396436313263383634663663663336
65336639353066663563633864383033353935373233303131353031306662313066333231393261
35663036663865356538346138633238343766313239323037343633643463303666633132306436
31346361643638343234653534343731393035323861653834383735653431346234356236613934
38363362646131626335646337313866613866343564326531303234626237363330336130343663
65386462323737326464333436376662323964313639343363633563626363666135636265313034
38643535383330336637333537393034656465663632393938326365343131323137636335613331
32613932643963346265653763616162343836383337626461366562353331353533663761326134
65623438386234663030663464353565303034393433393862356361353564383334393039623364
33633966616564386230613833373564303839393033303730353037303662316537323364616465
34656161303364326638633964383037616163376661636566356461303266376336656135313664
32316638383962386131356365396165353264313730353135656138363138636635343366666663
32323466653361633730633230393936616634366231336336656161376461363735653939316331
63643332333732633336356361313038623233616263653462343130396231393835343166316666
61336361363439396463653737663463633437636563333938666436353863383437366231306661
31373564393631343837343265326630663638326361366239336434633037323765653464303263
33386563633135353536366633666535376264333764633939316464376437313061653032333130
62653665303430356237663933363165303061316636643262376466376435333764376663636337
38313330376133363033393930336531386164326633356231636164333639626336653239323438
65336461623936653166373263636666636233313731386534656330623466303938356233393336
37363863383165616461376336303566363830383235386163323432373462373437653463616633
31666536383464356439343234663237643830623630393830643063613431623739643661643438
62613665623561643632373832326563356165613836356261663733363337643338303638363061
64303032326132393832383838613135376665363835616366396661376636383962373464646331
66366130386236636364383635333034396234363764623035653532326430666531653662303837
66316238663935666437646162366463643034366637646639386162663366656162366562636163
32326364643133666164313065363039643636346537313963323034366564616531333938343365
30623265363133383363666261333336643136303330386234656630613533343063376136643138
33346131306533633262343731303434323738386432643833303333336433323238653235323431
35386139323036313865383665313633353134623963323833616532393733633737303639356165
63346632316538363031323532333132663264306238616532646263363431663963363866363830
62633936356331353336353034646635313734636336663833623537373161366464393730386463
66303665643862663064343264366633643761393366653530323730376531306535363531313266
35386239323136383230373733643731616436313364656536326133396438393436643935653133
31396133393831383362353464636538636435646438613163643037366331343737663434363461
64376637326639663461383635633161613761633837633038346631313962626139343637623133
66666532663137643839396261383231666639306162346665303735316162623665666430643531
34343535633564343237316261316438653532613833363833646234323462313132343862383931
34303232623936363337646164333534376634656165646530633239393566643161623534353638
64383238623233636237393166336130353435633561633238323734653339666135313861326430
30393766356134313061653965336564393734336334653937336366646165306339353963353331
32343331653862313263313935653161623861356233663866333264383336353863653963313838
33306534663766623936366261356637663732646430343835313137666564623665626563633138
37383634353461633562326339633335326337333364356164653934363032656536346434623134
36383732316239393632313037303338613161346535376438396166383863346138396637343463
34366334383031316537383463386466633266323462646430373936316163626363326538346431
31613665343066653363636463636564326463633366653436646631653734393830323464383337
65363163623134623030366431373731336530636162666538653737356236613561383465613765
32666233393732303636343838396466333233393865333835336562623231393761636132396139
33386538646436623232646339393834323436316131316364616163666262396265643632633736
38333161666439393763303031346138666231633363363838356238653639643437386530646233
34343538386536326661363931353662343837356266636665666165383839383861653262363230
63303366636138353266626336623961333862306331353166373032616130336239616139306338
63616632353931613963343366623230666336643037363062326264376336383664393263653331
39373162633736656530373762306461643932366563396436653232393634613637653338653163
35663732323632653864363839396230353030653761323461386339373033653065363735666130
61646333333134346636626665356432366666313939306430663237333661653435653263353432
63366464613532646432346466366130626361383166643131303936643763386131396566336361
37646539363366626136653136366232636436633266653239666131323939616330363333333534
31663333663331616564373733323732323935626131373436616338633231373536393862666432
32323833613738393761363733643962303534663234623930393765373539346436653036383565
63303537306333363738353063343566326635656430646438333865333733333830613265636566
62306339666339636539303661613035336438373236383963376339356262613135333039616464
38393861653566613937386235333062613136343132356637396364633232303666653764653337
61333361306438633064356266363866333631306331326362356237663461303132666436636635
33353763316362396561373137626463363636656162366539363834343833376239333335663838
32343035376662373533393866353431316534363930393630356465616331316136356235646663
38333534363438616532623038386630343831383336316135666236616438666434383861313236
35326138343665623135366235623838373730616538623030343136653863313330396166643862
31383264363735396536376630383263303664346162356438346162373039326436386532373062
64366261363331303434333238333565626563373664333339653765623638663734373738356338
64303466333633623733313633653833336561643562626531663362643365366538636532643063
34653761646236666463653765646530353431646430353731376235343330396134653337643866
34323535396537383435326233663264386435383365373965313437653363333136313833353438
63643939383061653630336462613935393132333763356262663263623637623162323432393639
37393830663632396365363363646637323363633361373266323739306362656166323934643530
30646136396632646633346665353533326637623666393739396532356461343362653464383038
31313365393262306235663637333933343133353065323362646634313465613239316237323065
64306535643534653663666130363535316562363862396634363730626636613466393533393562
62663663383730396164343630303231356532653162643862306630336238393539313663653964
32356335663638383661636666346463306230306365656138303430623639393238646238333365
39396166353537376461316262346234336631653933366363316366323238363532353131306664
33626265393031653731333737346363643739343661636534336334346233336137616236666466
65386366613838663265303933636135633636356633356665356535656337326564363766623434
38376233656464393834326136643335666439613265386363623631633834323333633632386265
32646434383936663434663166613237383137326463653033653332653137383838373131626339
30383830613062633531646434656163336638303865363462666666613530353065346536323564
38326330633438383039356334336661333163633465653165336665363135386266343936616637
33373731616137356234363131663232323938653563633734656537303163333336316430353732
62633638636638643739616437353761663831396439323439653631666336646530303934663065
64636530303164346364363439666263313035373062656161306662353431633934393662386538
37383663356661363133643436643064343233666433373936333334356562343639656266626534
31363162313634386563656363313766643861626364643339336461366430316337356362326565
36663838326362313431383731373038376264316561646530363539613034383164613932333736
35393437323039316533633564363031636134303032636330316532303532616434386262323861
31373638656238323833343163646361623661393264623337343535643031623236636334343639
66323038326663376564646338643735646261623037653864383662323131623739316536383362
39366239373461626166333939303930343637323735313338373061373832376461316538656136
31383339623462356566383064366432623533633262323665373736303434623438323236386563
62383964666231346464616338626566383663393538643632373633323034623466333032646232
64306361363132663333373933313439396266333531653735376263326130383065333239303763
64336639323664623937333532363564353430313962313539303235666633363763386139356166
64623030613834623830626131346230323437353663306561356335336665356539313230666331
3932
