$ANSIBLE_VAULT;1.2;AES256;personal
61326663663733313863373861336631633561373237373362636132323038306537313737313765
3234663661313831373535623763353937326130656263620a356361313961303032373831366130
31333334373932306438356661316134303231616234303932303033343037376532646533313033
3734666662326363340a646262346335343235376438396334306430646638633937366264373235
30336332383237333531626436643831333437343061333765663839613937623331653735303439
34343232623663616562653466313938363533616137656663363038363561376133346238336231
64653134363363333139343233343436323232656138343931346335386531353035613762303837
63653530383161333864633162326562653734373664633563643035663961326134366333373162
61363264386564353961346162653831383538353233643466646332393930373162353933333436
34313463356161393237376136346466653536643836373932313030393730343230656338646230
64333862303839313130636337646361636433613964313330393536646561336339313439303931
35363534373931653331336265396233393162326130363839376634633731616437643961346663
39656137356365366263653832643331633938363836666461633265623163343336303035326235
30643065396661653030616636663162626166663336643762366666383863343938303435323632
65313564376361373961356534353062343566303630363639373838633362666262316237373232
30663932636630663664373465663638646333643633663963613035646338623565346237373530
38353539633431656461626565333638623361656134336466333335383430653334333632386166
31623234613039633964373362393536633630333266363266653964653530313862666439613865
36336134643165383666666264663137396333356133643438316539653537643366646438613530
33386664666139363162396535386438366563353964646239343664643262636334313561653831
63366638613230303239376162386130323630303736366232373630656232383633366661313236
61343436373331356164636633353166373035306462623537326261616437626331363737623330
65393437333464633533643362353361393937303862393333643962316532313232346532343433
36323265646462333339306639366363663330376539356463633264343665393431386261306663
32393737613035313462376130316235646266343636363562313830326164623831363231633038
31313935663165663931343731643765343132656534313733323665316535353034336531366330
66636334303137633566653437386331326361306538386139636462656463346337383033626562
36643838626137343165363033393163653061363566343366393536363430613036393434313765
65383361326434346365653332623034393161363930636233353464613465376634373834653565
62356264333030373564306139383232653261383864626432313862333734386231656233393631
31663831633263343835383837393131313361373833323462373065373035653039376261313832
66643632623166353035326263366238653033333965313964383262386536396535653261306433
32333564356635366639343930656532383463323035363935663863313065393061373538616461
35306539333262353565386162643039326331613339373265366538393639326563356664626431
61646131303038633764326639656236636661376163336631396233366137313138623036373532
35303936376637336534303832363535333065646165323865323333626534616130636635346135
31656366303761333334613131303031323362353934623736633364393732376338643832383334
30346339633039363166363634383865623833666431613366306338303864393730616638346531
33363735373065666435636166626564363061346366316561663166653334623062336261383761
39383865386334643436393161666436306536353361373839306362346534636433333734353163
33643063643330346561653966643234303262383535306231613137656435343732316633666530
64623564306536306434666135336631613062326462323965376434643835653633626461306264
37376130643236386561363537616435666161373364633963376135366139303733373134343563
38653231643836333031356464656663356536613461623831376533613734323331363037623862
35353363616561363933383135656237366430636631396139316662386435633830616331636262
32343764613165333765633666316537313236663864623566316263653839353634653639643661
62356563636334653030353933663831313766663962353336333737386662643331393032336137
39333439366337393365303665336632373737653161303361363238643035343666643239643437
36316536306535613031353964393536336330313136323765636232663736356466386134653865
62643836633935303362326461336233373562373933373264366332663334636236663166363866
39343562333437623665366136386638653066643535323834353661613339373062326264396133
65326166386535303839336533633438303434356438333634323335393934353731636133616662
31653665333132613633313365613633303237373137383339366465303163663063316338333430
62613266386433363538613633313865653762643638346161336565383634343263623739646163
61613137656438396265643266623134313632346438333334333237333038633336636635656162
37646437323436396337626563333065656133623065613663353539353130653163343830363639
38633061636235343061643861646635623963303466303835346335636464613766346437613164
37346466613036373264646265366361376230636434656663303531643035613638346134313836
65626437326138366330383130333131613733373838373839363135303030313265333866663732
36623537626565353262326132356461346166353764336563323734306638303965323031366332
36373536633638623730346437373564626565626431333832376231353538656238306234326439
37376162643863363136653737373563643935353365303839626461363539363939653930376266
63666133396535643365633065363864363262353632333238663539333363323138626537653261
64373734353037303038626331323934396436666638333138636133616637303736303066303039
62653231623065343963323834386264313263323835326639663136633261613162386434663638
35356334373864643732636466376537346637313230336166323066353138613262376364313264
66653061636235303431643232383933326164623131373961363234323932393861323930323964
38353830666130326666303563653962643566633039306466386438303032323563626132653365
65653931396461653863636330313830633134363763623331633038656266306566333631633563
34656161643232653633646262373966343437383665323362353932353063626636636438396234
31656564383539376634613132633165313938336232376436366536303939616637653031656530
65363233646136366530663534666266373062386330643766353139383837643266653330313162
64643365653362613832663932336639313833393364346137663165343661353663303137303831
65666134363535306336353333623666336535363439386134623139613337303966616537343263
30346465353733626331633032616135383861343063653438336331323065326433323137643037
62653935353362373137636461383236303931313932646334666337633561343730313434376139
36303838636134363832636335373961336565636230336261383935326233326436656565346561
32623433633766306164346132656465646131623738396132353762343931373630656164393364
66376639636431363335306265333734343164633138653566663866613562353535613835306633
35663132643661303430386137373937393532363637363161303131346634333137306235326363
63656635333933613964643366336133343039626631353264363061346463613138316566343263
39376164353031663533303161303563616332303966373461356564633961326131343761626664
31313739303031353961633863646263303564376565393537613661323165636131336331346361
30656364636662623834643065646136383734343735616232383236303563646138393964323431
63373738653765663538373639656366366432383631613539303865633632353231356630366363
38363030343666376131393733666137643166646339313561363964643630383038613861336432
66303965633234336334636363353033333865333130623938363732663132386365356263363762
30373835396339643861383835383431376432313063396331653737303532653231346363326632
61613364656338353462616134396335626164393462643264353638393339646363616131613435
66363362373134653632343330313461646366323235636637623631393433643731326139646461
34646164386262616461613334323331333332656131373964646165623237663266303132376237
34643765343165356530333664663766333335613231633766613634633766316162356530386465
36666165383738373833643661613932343936646130633666656637366438646661366635323962
33333861326530376566396532643566666131386438316633366535666162393634313239363730
38363635656361326165343839316638383563646661303536666234333065353362653839386133
61623564613436383235303034623862623863333131376233613332393331306130633531343037
36663263313835353338626364646365366465353662363833376135303764306633666564383635
37383064353230643335346563663265633636383631666436343164646365393637363534303161
34633263386437363631373436616339643361633238333961613066373361663066376239386566
33653864336566323339323837646432346130363765663932646562623232623462383462336634
34346364346461623536643864613239383266656163623466663338383336366262656339623063
63393461663866353332633033303762363138313539383934333735623031623833663639396164
36343533636463386462316162623238633139613639323863366164613037326462666431343562
61626333356132383961646537393830663434633534313830616264326134376538613561346137
61666236353737393462636434393039316537346435636366663031613937623464373532666366
66653161333831353639613132306364656235623633613132623035613765343736626338663636
31383134396238313637363862353062363361623231346361353965373865626562303361383366
34353431383134396131346262353038343631656435666563313261616361386162626232333633
63346432376630326433646132653330343464643731663465306166643366613361656661343432
39386134333233306434353264353166376339343131666238633932366437353765646232323764
66646331373262376165393735633161366636376431333362343839373632666661623337356163
36373437363463626336653437323338326239386466333063336439636339393962396163346265
30363030323361666631323765393865393330306339316463353131636636656336356433393236
38386565326439383736363230306330346264336134316236623333393430623531366566653436
32366130396238333665366463646434383161616466646230663437353064646238333565383533
36613136373539653732393635383464363835383564383233616266646538323430393461313262
36373166333539383265303234376538363437666139323466613761393964613536633737376464
63373735346536356531366138633939656539313632623431303437373763633764653238343330
36346634343239643866663030363438303831333032326233306364373334656563643131396339
66323835306238666331376538343039336536643730323637633833343164383666353662636138
63363333643031333934366263353863623361323538393036656162303435313965646139346166
66383335313366333339646439383533653862376462663531643838393762653634666533663232
36376436636163386261366630303730613732633864376236303734353438366365663763643330
31636331663966633232323566346161396666626436616563663561623465356337346366313965
38313765323662363265663538393665663661656463333236363534346533333966323966383930
31353739373564666234376465393633313066636365346461346263396335656265643863396139
35663832623434386436636338356336333639353835663161613861616131336638646236313839
36616665623236333364353139346238616136373361393163653238303165643661636532616133
39363336383738323966656338303161343435633861653234323137353130663763303466363732
38626163313438666138633762386436393638656332663931393561623461373030653337363466
33363030663938613964333736323633663736306565623266623631366637626230373965363936
33656331366231333165356431353937323332323135326335333634343537643836323935643661
63326336333436366266613033353236386363393837396561383764386162343231323538313234
39663864376235386339643433643665316232373539393737623833643162393166353232613535
38636166663363653630396536363263663865303766346235666564353535353564316165303965
39346638336233373466303136313262613539353939616635623866313033306633663362363030
6363
