$ANSIBLE_VAULT;1.2;AES256;personal
38336631393034306335303231306130336339353562353733636636313533366231653561356264
3837353137306365323865653566663031663338373631630a313631316364306366633862326662
30613162323534663837653163323331636239653965613232333635613637363762373733393831
3265313632653161640a613630623530616132633436323061393035356638316537336661366437
62346132303132373763336235316366666338343833356465616138653230653333626666643733
66373463623364643432386139303337346530613232623165656337323535636365663435663330
34663238333761393964396562303463383365616637383632343637613739383231663439366463
35316131633864363134316135326439663236376435663837653638373239666366396334353732
62336137656336633535353936663433363331326134373834656564626364616338393232643133
35613530366663353164626539383033313730623231353766383065633337653864663530353836
33616632356237383134666634663161623463633565666261356564613463653064316332366535
32303130393961613662633732346365626531396631356633326437373835303831613238643161
37666239633034623663313130613630383562356166313766316132343962306633353563653164
31633332373735363464386463353465363236313136323639383737393336633766343664643463
64353630636363653639633365353235656262663465326235623033366465376239626338626163
64346436366563393335646462343830643136643538636538346265316239313234663438666162
35373961316363656439306635316563306661333838643936363061613837656561346138626433
32333361656661383539663834393166333232316637363936356264646261383539653136363164
62623234616531393534396465633762376562396166663838366261363063373037383436343234
31623939646566623164393061646132666261613938323563383639643237326365616133333663
39323833663532383133376331313263633063393463616535666336303431316565393737313565
62306331656264373063356637643461656630343539613865663231346130336132343133336364
64313039383036623030336236363535313538633832616538336138616131346632396534613530
32646631306537626431386139653630346165623263333139373861636231626233333661393638
65353730626564666631303263353732333365663165366232373132386136616633303135656137
63313636386332633239633364613237666661613132376631303034643035653662393537306439
34376166616438316434373162373264653236336538663033363430666534646666373161613366
31613333636662353037373037653137373531376238363333343263376464343937326437376435
39373063323263626333323139323138306162633631653932336162633564353336313132383635
3832356430373533326534386236386663363261656464333961
