$ANSIBLE_VAULT;1.2;AES256;personal
36616262306430393061356136636162333137366464663938396330303163316461366334333932
3062393231626166386662373161373565336330346230660a383839396264396131633935323230
33303236316262653962616331303465313232653631643363616364316234393364353039316638
3965316266323635360a393238323263613762613265653137363635383731626165316135653633
61373965653538363633353334663261343237396634346637303164323630323663306633633335
64646538646436643931373432336230626634626636323864363565323864663132356661316235
30656165386433656337633330383631643134373064636533613836613531633435643036373136
30643763623236323139363838326236366561343633653835363932386331633666646633303539
33633530626232373736626530636236346439303033373563383833316132313966363739633333
63326131323832326238353765326466336263336432653938306532343764666631653461363338
64313162643939366564373463363039386436653164653739343463383662353332666362613734
35666137643837393634396130616236303636636634656665383630333139303534643133613635
30376539316563366131383632303638313737666434393866303239316362346639316366646364
66396661303836383537306639663238333733306261646465653461353665656138613233366537
64666332623765396234336563306339383334333737663332623436376235323335633964363633
30393163363163346630616535666637346634353332626133656538646535363861666534313766
36393937363937393236383336373364616237333431353338343664613739313730633733643962
34653162656565326463373935623137353632303261373333366266366131323138626565636561
37383964626261323634353135323438386163363135643735656266306635316363383533666666
32373739303064313532396465386664333163663039333663306365613163313132316536383565
36613230383536353638646165343034636361393631396335653236366233356661666261383436
39383332616439616365616139653437353264326533353331373530396133373934616362343961
34336637313933316165646566633464356131613562373765343665383861353763346335616162
33343761623634373534376439633935303963346132336165663065386132633266636433623334
37323932363065313039656664636630363832633530383263313032333634643730613439613630
64653338303433306165373363346361613361346532306536633033356666333165636463353235
65356435363432323666326536333039396531623431386432353166373231396337663663383538
31313236633637353962663166646636373531393432626533656231333939323639646264616363
37653735626432623864376664636135333234343164663332343761636630656639623630323365
30393933363538336438333331643763376136666235633363376532623937386537656435306533
31393830643239343763643238646235643332373563333631653836623132636133383962343064
35306562646464393133613361633336643233346536656263393961313330353263373334626334
62633932643232373333363465383739633238386435323935616163623038386635623137646564
61643532356437366564333134366462623236613765383564396638663936363835623663613538
63656134656330623036353833376233306137666236316663393231386335303732656334643033
38343531613037313162626233666666346130323366336233643933633865336539313237303936
63366662353735373137393234393830393939653837623064656562323136373231386561373133
39373830643239613835306336636433363965353037343138303630386166626134633865623730
35353439633439663566623862346233396337323731313365346533303630366430393338393362
37336235623430376631613437356165343330313230356661613261323964373836346264353834
63343633656538656266373264393065653965363963626133636361666636356466373732363730
66313066656334656235613261643339373961616331306433383738646436383266633364336331
32363732346233343737323364383563636437396430653534346139653166386333323863316363
64363265643765313661643935366635306361613831613465663436366361383237356631613865
61383031353439343036363433373237353162356436396432613066303136376438373434383932
35323434663365643436393230393333663562626234343261363439303265353434623431326262
38613534313134323639616432633534383633633830333437393031376132633165663532363931
61643664386365373365343534633335326133623538393861663236626137613263623036373364
62373062313764363937306632363230623831343438303964323438356464663537643961353930
30313632316530346266396361356361323730356564656631373132376164653231333934376135
65633631663262643231353863346563303761393465323362333133386631366563623264636134
66373736653064343430663738356131386437363732623133383362313030326139333462646432
32343762386532343339323531643738323732313036333939623566336163653933663065343334
32663039336634303366336261383734356630636633653833306164356263356366373962303733
65326266613838353766666435386662633739376230353732366236373335363233363732353831
34313366303365363361396435656562353662393766313461336436643561343661326438313666
66646234643532356333396431373937343832343135333039643737656566626162623961616531
66396365323036336435383165303431643738393339663765653437616338313539373032613338
37343336643966613163363032633162383636616538656663663538383362383132323632336330
65363731346631393638336539623565663963633130636633336239363961363533366130623537
64663430386332616634373361653866653166653864383161303637366637316639373732653965
38663866383932396265616430356337346531643737613031316638343630313836626339376437
61656563616565666630626461366137336638646164643063366535306333623631353335653631
36623563306531323162343063313339303861626239343930663564303037343335343934373830
30393666396562616432366534623865313639383031626165383335336462393436316439333531
36323133383039303333363234663735313034303830326437393663306463353835363264613131
62633964333037633261633031653739623037653439643865363333643535623161363565373237
61336264636631363836363864386466653933623164656138623532613763336134663535376437
3533
