$ANSIBLE_VAULT;1.2;AES256;personal
37653833343434316165386434323465316633333665316265613266653231613535386136313431
3131653638346562613833626365613065356161303832610a656230653261376338626337323466
34643631653933306261613437396232323362643336616635323961376239353661633736663830
6466353036316264390a396436633535366261373538343762386661393661343031633838653463
34313262333162633362383061623461323365663239346664396636636166663163313531383762
65316138666466356334326161666135653432613435383436386464666561396166376562383238
31303537316238346532623938386663313063663133636662663663366665623832663634373939
64663665626365373031653062323466356337393364383061663337656461366539366365316136
63636536323764366637393934666466646431366566306336396435313664323262336536393739
38316639623332663430393764663261356433333963393735393161653536643164616534633736
30666362386661643864613262646366356538343539623962313436303534623038383361623735
39633066353965303962643834356536323536313932613339303466346563323837333934336364
66613835653132316534346562353561323030353063626166353665653038316137633263623039
65623062363163633533633665363232656132353636323262366636353838613862633030646265
61356338653132643866313639313531666332323064656661613862303232356239333934316431
33343132323535366535356163616138613134376635653633393230363764383464316236613637
63323937626161636638393562393663373134633836666639653935303164643735613261353963
36613263626536346132363638653166363861326430333935633962643032336563333137656663
33333133636337633531613636323031373163663161643265623938303937646565656430373832
63303062663338613138333133633063303764613434383131363839643862353933313264313762
66373333613939333435653164366463316463623664656536373864376361666433613162343330
62353139643663663766363335326331396131636164313664336530343064366634336532643331
33633332636136623234323636643237646236326364633862613534663734653865386562616135
64366366376238386363363438643533633438373539613832323962656532613962326561373561
38636664306331363030363830303765653266633033373163323764613763383737666463663761
35323633653435636638636563636134386536373863643037313063376139373839623964653565
36613136383861616166333263353538323035666534613337653439356264323266383931656565
64636135323866373264303432393435653464643933636266643330333435343066346633663539
32376135343739303537636562333731353134396163353538653537396436346664373164613836
37653832373231373137613330336166656562656536303531343033636131303535663664653766
65363961353733363938656435333662356562666462383234356530633938313435393330663839
31363965323964656435316264643131396530653936353539306234373831363439363331336438
32626261616431323236616565363634316265666463376432366535656233383266643364343764
32613839333065343565366461313966643538323633333766383436386134303565353334353934
61666266333330396262376666336361333331326463383165666461323138343430626161386433
33643066393230343662636230383230623461616332653138646231333136343365663633383366
32326234356336373464323961383666386237376535643639663430336665336337353663316432
65336539376663393666396233383161336435323735663963633163306339363234383634663563
31663539313334616365616638343333343737386236626266393663626234623232653864316461
62383762376333323935363731303664356662616432643766326431363432663835396461383532
35353032633135303735343366353963366134366330666435666332366136323132393861393565
38373462653263323135376566363137356639653863613765326332643263663364303062653666
37653139323730613561663965656136333931626165623065613136653865343735373335653835
38343439306435626533323066363561643665393335313862626438376133646233623931386239
64316139386638313364393134663764643937373635623435623131363466303839663832346235
37323333613036346230353965626531643030616236336164633539363035356339636339613330
61363839633736393864373732356435323339636664623538363436326539653364326337363031
61633963396166373439366537393835356530613261306161666661383637663831393638643536
31643264323262326539303535303630316639353563373464623332303338363733646565643563
64346330333137663631366632346461366236326539323638636664373362633138396138636439
34386261303663666634616538363636373238393565303432616464653565636465653639363664
31656439616232613431396430616433383833323638633335373136393830623663623639376338
30616139356632363364366238316365313239366631656364353939303731646439346663356530
3565376435386534333131393635343138343661306365363931